1.0     -1.3322676295501878e-15
0.9996664241851196     6.269334164787921e-05
0.9986661418317758     0.0002510124343813036
0.997000487619973     0.0005656468986738883
0.9946716840375551     0.001007655479228875
0.991682838414733     0.001578334674896098
0.9880379387779635     0.002279043747102305
0.9837418485287126     0.003110994571583925
0.9788002999542029     0.004075016578571455
0.9732198865788046     0.005171308365041316
0.967008054366274     0.006399188399918043
0.9601730917845797     0.007756857540769491
0.9527241187465734     0.009241185822497666
0.9446710744412594     0.010847535172138212
0.9360247040719039     0.012569628379074493
0.9267965445186732     0.014399472858860674
0.9169989089449389     0.01632734556283788
0.9066448703677827     0.018341842893435434
0.895748244214627     0.020429996787983296
0.884323569889266     0.022577455342948638
0.8723860913718908     0.024768723581085728
0.8599517368789978     0.026987457331354325
0.8470370976103168     0.029216800806166288
0.8336594056111197     0.03143975642358121
0.8198365107794456     0.03363957382116406
0.8055868570489246     0.035800143913662985
0.7909294577789763     0.03790638330879742
0.775883870385223     0.039944594442238246
0.7604701702439651     0.041902787428780675
0.7447089239055427     0.043770950832447225
0.7286211616523193     0.045541260291263125
0.7122283494379075     0.0472082161286721
0.6955523602450779     0.04876870365983793
0.6786154449005664     0.0502219727584195
0.6614402023857231     0.05156953627688536
0.6440495496826186     0.0528149899926265
0.6264666911958403     0.05396375976173158
0.6087150877907784     0.055022784383132406
0.5908184254897182     0.05600014519542357
0.5728005838675023     0.05690465554598553
0.5546856041889371     0.057745424901347694
0.5364976573304536     0.05853141344227534
0.5182610115288293     0.05927099346162069
0.49999999999999994     0.059971533735869165
0.48173898847117047     0.0606390222752463
0.46350234266954615     0.061277741499334064
0.44531439581106275     0.061890007985874566
0.4271994161324975     0.062475986571723444
0.40918157451028175     0.06303358583732561
0.3912849122092214     0.06355843898525632
0.3735333088041596     0.06404397094587726
0.35595045031738115     0.0644815493319019
0.33855979761427685     0.0648607137430261
0.32138455509943353     0.06516947501268854
0.3044476397549219     0.06539467340417739
0.2877716505620923     0.06552238260269445
0.27137883834768073     0.06553834469694637
0.2552910760944571     0.06542842026173047
0.23952982975603487     0.06517903718269251
0.224116129614777     0.06477762202275819
0.20907054222102345     0.06421299850871154
0.1944131429510753     0.06347573908363477
0.18016348922055425     0.06255845737092816
0.16634059438888027     0.06145603175199096
0.15296290238968302     0.06016575297811031
0.14004826312100194     0.0586873917093432
0.127613908628109     0.0570231849810843
0.11567643011073386     0.055177743719454025
0.10425175578537293     0.05315788643632826
0.09335512963221726     0.050972407015255246
0.08300109105506093     0.048631786941647694
0.07320345548132678     0.04614786433930117
0.06397529592809614     0.043533473672881635
0.05532892555874058     0.0408020709056277
0.04727588125342669     0.03796735922911522
0.03982690821542023     0.035042930197772
0.03299194563372598     0.03204193421971094
0.026780113421195295     0.02897679291613993
0.021199700045796965     0.02585896392521202
0.01625815147128734     0.022698766373668636
0.011962061222036413     0.019505272568543904
0.008317161585266963     0.016286268581699622
0.005328315962444874     0.013048283430374378
0.0029995123800270473     0.009796683618976938
0.001333858168224178     0.006535827021218805
0.00033357581488030474     0.0032692675611918345
0.0     0.0
0.00031858717150418103     -0.003193069261595645
0.0012739426948732424     -0.0063722150843324886
0.0028648491140513266     -0.009523747721355938
0.005089279059533658     -0.01263443709802986
0.007944397831941952     -0.01569172366005567
0.011426567014420241     -0.018683907240889266
0.015531349109246362     -0.02160030792967735
0.020253513192751316     -0.024431393976836125
0.025587041581340175     -0.027168873015572796
0.03152513750011915     -0.029805744256170885
0.03806023374435663     -0.032336310772494166
0.04518400232274078     -0.03475615249045099
0.052887365070144354     -0.037062061948601295
0.061160505216372174     -0.03925194627537212
0.06999287989614972     -0.04132470006253027
0.0793732335844094     -0.04328005486312489
0.0892896124397542     -0.045118411863806746
0.0997293795378198     -0.046840664844830994
0.11067923097512244     -0.04844802082478081
0.12212521282287087     -0.04994182578061837
0.13405273890913727     -0.051323402537867845
0.1464466094067262     -0.052593907352623454
0.15929103020305446     -0.05375421087950301
0.17256963302735745     -0.05480480817040081
0.186265496309574     -0.05574576111934072
0.20036116674432652     -0.0565766754073373
0.21483868153251795     -0.057296712561542965
0.22967959127220117     -0.0579046362817738
0.2448649834695502     -0.05839889076231812
0.26037550663997155     -0.058777707403928625
0.27619139496864376     -0.05903923512271572
0.2922924934990568     -0.059181688466320576
0.3086582838174551     -0.05920350698283462
0.32526791020045076     -0.059103518785031145
0.3421002061924875     -0.05888110103196445
0.35913372157928514     -0.05853633012124491
0.37634674972289217     -0.058070114746282014
0.3937173552235117     -0.05748430561013614
0.4112234018728484     -0.05678177647711519
0.42884258086335747     -0.05596647235075401
0.4465524392174436     -0.055043421849559016
0.4643304084003838     -0.054018712260137484
0.48215383308050974     -0.05289942722625125
0.49999999999999994     -0.05169354852416749
0.5178461669194901     -0.050409824820947
0.5356695915996161     -0.049057611656075945
0.5534475607825563     -0.047646688074940415
0.5711574191366425     -0.046187056327731256
0.5887765981271517     -0.044688731789797
0.6062826447764884     -0.0431615307288401
0.6236532502771077     -0.0416148637207222
0.6408662784207149     -0.04005754239033592
0.6578997938075124     -0.038497606729947925
0.6747320897995491     -0.036942179539157474
0.6913417161825448     -0.03539735356368719
0.7077075065009432     -0.033868115720301156
0.7238086050313562     -0.03235831142665237
0.7396244933600284     -0.030870650559298857
0.7551350165304498     -0.02940675499715184
0.7703204087277988     -0.027967246130831264
0.7851613184674819     -0.026551869191131644
0.7996388332556734     -0.025159649830738207
0.8137345036904259     -0.023789077137322506
0.8274303669726425     -0.022438306212032466
0.8407089697969456     -0.02110537265616369
0.8535533905932737     -0.019788410801990786
0.8659472610908627     -0.01848586732213181
0.8778747871771291     -0.017196701964768524
0.8893207690248777     -0.015920567586846734
0.9002706204621802     -0.014657962379615752
0.9107103875602458     -0.01341034817465303
0.9206267664155905     -0.01218022994764123
0.9300071201038502     -0.010971193056367623
0.9388394947836277     -0.009787896306023613
0.9471126349298556     -0.008636020570939373
0.9548159976772592     -0.007522174356156985
0.9619397662556434     -0.006453759292680994
0.9684748624998809     -0.005438800066243865
0.9744129584186598     -0.004485744624158405
0.9797464868072487     -0.0036032416374083276
0.9844686508907536     -0.0027999030725286422
0.9885734329855798     -0.0020840603165305227
0.992055602168058     -0.0014635225754195957
0.9949107209404664     -0.0009453462216535424
0.9971351508859486     -0.0005356233992805937
0.9987260573051268     -0.000239297520566506
0.9996814128284959     -6.001232939523149e-05
