1.0     -1.3322676295501878e-15
0.9996664241851196     5.661334790985073e-05
0.9986661418317758     0.00022714823686942331
0.997000487619973     0.0005136406271173399
0.9946716840375551     0.0009193240560689819
0.991682838414733     0.0014483976120513997
0.9880379387779635     0.00210571590789721
0.9837418485287126     0.002896415117661588
0.9788002999542029     0.003825492124881258
0.9732198865788046     0.004897356099776484
0.967008054366274     0.006115373278886338
0.9601730917845797     0.007481426299944305
0.9527241187465734     0.008995509119780865
0.9446710744412594     0.010655377323195436
0.9360247040719039     0.012456271562182764
0.9267965445186732     0.014390729029062355
0.9169989089449389     0.016448494376834155
0.9066448703677827     0.018616537495892205
0.895748244214627     0.020879181199649377
0.884323569889266     0.02321833733981704
0.8723860913718908     0.025613845349603426
0.8599517368789978     0.028043902885247385
0.8470370976103168     0.030485574281151617
0.8336594056111197     0.03291535911522381
0.8198365107794456     0.035309800441579386
0.8055868570489246     0.03764611030350218
0.7909294577789763     0.03990278907472555
0.775883870385223     0.04206021504101731
0.7604701702439651     0.04410118143856351
0.7447089239055427     0.0460113598851859
0.7286211616523193     0.047779671712128435
0.7122283494379075     0.0493985520311116
0.6955523602450779     0.050864095325660524
0.6786154449005664     0.05217607578409014
0.6614402023857231     0.05333784032105526
0.6440495496826186     0.054356077079622866
0.6264666911958403     0.05524046697562113
0.6087150877907784     0.05600323035202644
0.5908184254897182     0.056658584874759
0.5728005838675023     0.05722213426087708
0.5546856041889371     0.05771021014772648
0.5364976573304536     0.05813919127807024
0.5182610115288293     0.058524825116034754
0.49999999999999994     0.05888157698278542
0.48173898847117047     0.05922203080821839
0.46350234266954615     0.05955636367286839
0.44531439581106275     0.05989191353665126
0.4271994161324975     0.06023285602579409
0.40918157451028175     0.06058000201375052
0.3912849122092214     0.06093072314755048
0.3735333088041596     0.061279007617126
0.35595045031738115     0.06161564353149768
0.33855979761427685     0.06192852244517827
0.32138455509943353     0.062203051059001736
0.3044476397549219     0.06242265507799072
0.2877716505620923     0.06256935580190823
0.27137883834768073     0.06262439738356636
0.2552910760944571     0.06256890091701525
0.23952982975603487     0.06238452067911181
0.224116129614777     0.062054077973231016
0.20907054222102345     0.06156214910433038
0.1944131429510753     0.060895586003638855
0.18016348922055425     0.06004395083640657
0.16634059438888027     0.058999849452312195
0.15296290238968302     0.05775915263223681
0.14004826312100194     0.056321098581963734
0.127613908628109     0.05468827484221113
0.11567643011073386     0.05286648253624838
0.10425175578537293     0.05086449047151517
0.09335512963221726     0.04869369086739374
0.08300109105506093     0.046367672229074924
0.07320345548132678     0.043901727979756264
0.06397529592809614     0.04131232177952955
0.05532892555874058     0.03861653191021121
0.04727588125342669     0.035831497637153334
0.03982690821542023     0.032973890055133195
0.03299194563372598     0.03005942860696621
0.026780113421195295     0.027102462288684796
0.021199700045796965     0.024115631616611535
0.01625815147128734     0.021109623852781582
0.011962061222036413     0.018093029914937112
0.008317161585266963     0.015072307004315458
0.005328315962444874     0.012051846449999659
0.0029995123800270473     0.009034141779389231
0.001333858168224178     0.006020047764856326
0.00033357581488030474     0.0030091173416880836
0.0     0.0
0.00031858717150418103     -0.0029386377214723606
0.0012739426948732424     -0.005866627085440468
0.0028648491140513266     -0.008773478469003337
0.005089279059533658     -0.011649014403589971
0.007944397831941952     -0.014483512568748256
0.011426567014420241     -0.017267833648641734
0.015531349109246362     -0.019993529919980463
0.020253513192751316     -0.022652931178037794
0.025587041581340175     -0.0252392054745056
0.03152513750011915     -0.027746393103536868
0.03806023374435663     -0.030169413293019087
0.04518400232274078     -0.032504044097252556
0.052887365070144354     -0.034746877004393106
0.061160505216372174     -0.036895248727721826
0.06999287989614972     -0.038947153506868934
0.0793732335844094     -0.040901139970215265
0.0892896124397542     -0.04275619717461608
0.0997293795378198     -0.044511634821355124
0.11067923097512244     -0.04616696283293367
0.12212521282287087     -0.047721775456695634
0.13405273890913727     -0.04917564483909255
0.1464466094067262     -0.0505280285972516
0.15929103020305446     -0.05177819531867045
0.17256963302735745     -0.05292517116855555
0.186265496309574     -0.05396770990686053
0.20036116674432652     -0.05490428764773798
0.21483868153251795     -0.05573312267078969
0.22967959127220117     -0.05645221955625115
0.2448649834695502     -0.05705943590574514
0.26037550663997155     -0.05755256896619168
0.27619139496864376     -0.0579294586340569
0.2922924934990568     -0.05818810261359308
0.3086582838174551     -0.058326778964042154
0.32526791020045076     -0.05834417091856263
0.3421002061924875     -0.05823948870631906
0.35913372157928514     -0.058012583165378724
0.37634674972289217     -0.05766404619638225
0.3937173552235117     -0.05719529356596821
0.4112234018728484     -0.056608626207537184
0.42884258086335747     -0.05590726696102069
0.4465524392174436     -0.05509537061264815
0.4643304084003838     -0.054178006105094344
0.48215383308050974     -0.053161110849058626
0.49999999999999994     -0.05205141813836556
0.5178461669194901     -0.05085635971064589
0.5356695915996161     -0.049583946464159895
0.5534475607825563     -0.04824263120059947
0.5711574191366425     -0.04684115798005691
0.5887765981271517     -0.045388403219483286
0.6062826447764884     -0.04389321401807477
0.6236532502771077     -0.04236424933767598
0.6408662784207149     -0.0408098295969594
0.6578997938075124     -0.0392377999565097
0.6747320897995491     -0.03765541208786118
0.6913417161825448     -0.03606922855065345
0.7077075065009432     -0.034485053073178853
0.7238086050313562     -0.03290788907371013
0.7396244933600284     -0.03134192770917289
0.7551350165304498     -0.029790565633690536
0.7703204087277988     -0.02825645153417501
0.7851613184674819     -0.02674155942591333
0.7996388332556734     -0.025247285679408094
0.8137345036904259     -0.023774565849310758
0.8274303669726425     -0.02232400662177042
0.8407089697969456     -0.020896027617032853
0.8535533905932737     -0.019491007402261507
0.8659472610908627     -0.018109427900362296
0.8778747871771291     -0.016752011431162422
0.8893207690248777     -0.015419844890253664
0.9002706204621802     -0.014114486048593111
0.9107103875602458     -0.012838047624954885
0.9206267664155905     -0.01159325561864416
0.9300071201038502     -0.010383479360301262
0.9388394947836277     -0.00921273180765353
0.9471126349298556     -0.008085639740481376
0.9548159976772592     -0.007007384652277293
0.9619397662556434     -0.005983616251910906
0.9684748624998809     -0.005020341534764106
0.9744129584186598     -0.004123793319656344
0.9797464868072487     -0.0033002829398028344
0.9844686508907536     -0.0025560423929365528
0.9885734329855798     -0.0018970616740092705
0.992055602168058     -0.0013289272175415756
0.9949107209404664     -0.0008566673577616868
0.9971351508859486     -0.0004846104736636603
0.9987260573051268     -0.00021626103189742452
0.9996814128284959     -5.419808997519926e-05
