1.0     -4.440892098500626e-16
0.9996664241851196     5.65990190677379e-05
0.9986661418317758     0.00022697164219809274
0.997000487619973     0.0005128026831313637
0.9946716840375551     0.0009167624542585351
0.991682838414733     0.001442306781083369
0.9880379387779635     0.002093409897506948
0.9837418485287126     0.0028742424430847624
0.9788002999542029     0.003788809371211732
0.9732198865788046     0.004840564538599157
0.967008054366274     0.006032019997000759
0.9601730917845797     0.007364368492598583
0.9527241187465734     0.008837137373165938
0.9446710744412594     0.010447891017218547
0.9360247040719039     0.012191997073940808
0.9267965445186732     0.014062469309979564
0.9169989089449389     0.016049896798864927
0.9066448703677827     0.018142465684620634
0.895748244214627     0.020326075945369837
0.884323569889266     0.022584551630999594
0.8723860913718908     0.02489993911336974
0.8599517368789978     0.02725288413040905
0.8470370976103168     0.029623074982728537
0.8336594056111197     0.031989736295870874
0.8198365107794456     0.03433215541748491
0.8055868570489246     0.03663022187681525
0.7909294577789763     0.038864959466477056
0.775883870385223     0.04101903045490174
0.7604701702439651     0.043077192210587534
0.7447089239055427     0.04502668809177157
0.7286211616523193     0.046857556769996866
0.7122283494379075     0.048562847126088715
0.6955523602450779     0.050138729367844
0.6786154449005664     0.051584496933920726
0.6614402023857231     0.0529024579143835
0.6440495496826186     0.0540977189709983
0.6264666911958403     0.05517786891109164
0.6087150877907784     0.0561525729917243
0.5908184254897182     0.05703309254919102
0.5728005838675023     0.05783174752119424
0.5546856041889371     0.058561341735279285
0.5364976573304536     0.059234572383168774
0.5182610115288293     0.05986344582229413
0.49999999999999994     0.06045872171137114
0.48173898847117047     0.06102940649846697
0.46350234266954615     0.061582315473670365
0.44531439581106275     0.06212172004270271
0.4271994161324975     0.06264909367090181
0.40918157451028175     0.06316296621327476
0.3912849122092214     0.06365889223107454
0.3735333088041596     0.06412953455926255
0.35595045031738115     0.06456486000185152
0.33855979761427685     0.06495243976526592
0.32138455509943353     0.06527784326065965
0.3044476397549219     0.06552511037047042
0.2877716505620923     0.06567728432075907
0.27137883834768073     0.0657169850444742
0.2552910760944571     0.06562700144950488
0.23952982975603487     0.06539088037595615
0.224116129614777     0.06499349026286945
0.20907054222102345     0.06442153863471821
0.1944131429510753     0.06366402441770143
0.18016348922055425     0.06271260872836619
0.16634059438888027     0.06156189103667926
0.15296290238968302     0.06020958136186273
0.14004826312100194     0.058656563262119106
0.127613908628109     0.056906846665280446
0.11567643011073386     0.0549674138859178
0.10425175578537293     0.0528479663148641
0.09335512963221726     0.0505605830853902
0.08300109105506093     0.048119306365583946
0.07320345548132678     0.04553967066716581
0.06397529592809614     0.042838195589839555
0.05532892555874058     0.04003186265884534
0.04727588125342669     0.03713759731499501
0.03982690821542023     0.03417177666813931
0.03299194563372598     0.03114978234787882
0.026780113421195295     0.028085615733793614
0.021199700045796965     0.024991590106959664
0.01625815147128734     0.02187811094804589
0.011962061222036413     0.01875355185084797
0.008317161585266963     0.015624229477222685
0.005328315962444874     0.012494476814863396
0.0029995123800270473     0.009366809882706637
0.001333858168224178     0.006242179127317187
0.00033357581488030474     0.003120293225820833
0.0     0.0
0.00031858717150418103     -0.003047462740030919
0.0012739426948732424     -0.006085098508624013
0.0028648491140513266     -0.009103169740317583
0.005089279059533658     -0.012092115270613015
0.007944397831941952     -0.015042632602534214
0.011426567014420241     -0.017945753310612496
0.015531349109246362     -0.02079290971373622
0.020253513192751316     -0.023575991285389106
0.025587041581340175     -0.02628738966466369
0.03152513750011915     -0.02892003156801138
0.03806023374435663     -0.031467399362195496
0.04518400232274078     -0.03392353952457744
0.052887365070144354     -0.03628305966868795
0.061160505216372174     -0.03854111523255919
0.06999287989614972     -0.04069338729735418
0.0793732335844094     -0.042736053309258316
0.0892896124397542     -0.04466575270584431
0.0997293795378198     -0.04647954958977389
0.11067923097512244     -0.04817489464187441
0.12212521282287087     -0.049749588420235934
0.13405273890913727     -0.051201748053804605
0.1464466094067262     -0.05252977911363421
0.15929103020305446     -0.05373235414175281
0.17256963302735745     -0.05480839894903291
0.186265496309574     -0.05575708737482685
0.20036116674432652     -0.05657784474992904
0.21483868153251795     -0.05727035983961819
0.22967959127220117     -0.05783460458480208
0.2448649834695502     -0.0582708605262519
0.26037550663997155     -0.05857975040831711
0.27619139496864376     -0.05876227313147077
0.2922924934990568     -0.05881983997231182
0.3086582838174551     -0.05875430982705236
0.32526791020045076     -0.05856802116837322
0.3421002061924875     -0.05826381844032783
0.35913372157928514     -0.05784507075213502
0.37634674972289217     -0.05731568096550896
0.3937173552235117     -0.05668008359389241
0.4112234018728484     -0.05594323033407045
0.42884258086335747     -0.05511056251627598
0.4465524392174436     -0.05418797027037889
0.4643304084003838     -0.05318173874325176
0.48215383308050974     -0.05209848224472496
0.49999999999999994     -0.050945067724906805
0.5178461669194901     -0.049728529472569415
0.5356695915996161     -0.04845597735243171
0.5534475607825563     -0.04713450125011177
0.5711574191366425     -0.04577107465156023
0.5887765981271517     -0.044372460436573766
0.6062826447764884     -0.04294512200502992
0.6236532502771077     -0.04149514277556939
0.6408662784207149     -0.040028156899830594
0.6578997938075124     -0.038549293725813186
0.6747320897995491     -0.037063138130727896
0.6913417161825448     -0.035573708340113745
0.7077075065009432     -0.03408445227308614
0.7238086050313562     -0.03259826282340327
0.7396244933600284     -0.03111751182504814
0.7551350165304498     -0.029644101783191837
0.7703204087277988     -0.02817953380135911
0.7851613184674819     -0.026724989527705703
0.7996388332556734     -0.025281424400717803
0.8137345036904259     -0.02384966901843262
0.8274303669726425     -0.022430535103674112
0.8407089697969456     -0.021024922305394725
0.8535533905932737     -0.019633921973440827
0.8659472610908627     -0.018258914076701938
0.8778747871771291     -0.016901653603594552
0.8893207690248777     -0.015564343085090943
0.9002706204621802     -0.014249688305123076
0.9107103875602458     -0.01296093479764418
0.9206267664155905     -0.011701883356246862
0.9300071201038502     -0.010476883479858423
0.9388394947836277     -0.009290804422660143
0.9471126349298556     -0.008148984282139005
0.9548159976772592     -0.007057158319160817
0.9619397662556434     -0.006021368431235241
0.9684748624998809     -0.005047856368758263
0.9744129584186598     -0.00414294386987657
0.9797464868072487     -0.003312903371472581
0.9844686508907536     -0.002563823313865843
0.9885734329855798     -0.0019014722817361496
0.992055602168058     -0.0013311663047401168
0.9949107209404664     -0.0008576435746673883
0.9971351508859486     -0.00048495062336839645
0.9987260573051268     -0.00021634365383088605
0.9996814128284959     -5.42082374478392e-05
