1.0     -1.7763568394002505e-15
0.9996664241851196     5.999115220611806e-05
0.9986661418317758     0.0002390565268364231
0.997000487619973     0.0005345046548648202
0.9946716840375551     0.000941957687763173
0.991682838414733     0.0014555087191288063
0.9880379387779635     0.002067933069506589
0.9837418485287126     0.002770945006345782
0.9788002999542029     0.00355548953933682
0.9732198865788046     0.004412057519518231
0.967008054366274     0.005331011335636848
0.9601730917845797     0.006302908081360137
0.9527241187465734     0.007318807179196862
0.9446710744412594     0.00837055008691412
0.9360247040719039     0.009451000854171054
0.9267965445186732     0.010554237894832563
0.9169989089449389     0.011675689329537886
0.9066448703677827     0.012812206553002414
0.895748244214627     0.01396207319838183
0.884323569889266     0.015124949304748836
0.8723860913718908     0.016301753136831576
0.8599517368789978     0.01749448565149314
0.8470370976103168     0.018706004949885446
0.8336594056111197     0.019939760102655302
0.8198365107794456     0.02119949540489896
0.8055868570489246     0.02248893733983226
0.7909294577789763     0.023811477255589075
0.775883870385223     0.025169862958372924
0.7604701702439651     0.02656591208895287
0.7447089239055427     0.028000259291328933
0.7286211616523193     0.029472147836655083
0.7122283494379075     0.03097927458618968
0.6955523602450779     0.0325176950358394
0.6786154449005664     0.03408179276806991
0.6614402023857231     0.035664315042150896
0.6440495496826186     0.0372564735857482
0.6264666911958403     0.03884810701766382
0.6087150877907784     0.040427898839668686
0.5908184254897182     0.04198364268590191
0.5728005838675023     0.04350254460248136
0.5546856041889371     0.04497155062575265
0.5364976573304536     0.04637768689630587
0.5182610115288293     0.0477083990298499
0.49999999999999994     0.04895187748675177
0.48173898847117047     0.05009735623939525
0.46350234266954615     0.051135373108618265
0.44531439581106275     0.052057981684684465
0.4271994161324975     0.05285890670270436
0.40918157451028175     0.053533637028634035
0.3912849122092214     0.054079452937948504
0.3735333088041596     0.054495387032935265
0.35595045031738115     0.05478212083871934
0.33855979761427685     0.05494182173360844
0.32138455509943353     0.054977927300149054
0.3044476397549219     0.05489488633066985
0.2877716505620923     0.05469786749759357
0.27137883834768073     0.054392448031739433
0.2552910760944571     0.05398429558630246
0.23952982975603487     0.05347885676524281
0.224116129614777     0.05288106554895421
0.20907054222102345     0.052195084065808944
0.1944131429510753     0.05142408686570788
0.18016348922055425     0.05057009810183551
0.16634059438888027     0.049633888888681046
0.15296290238968302     0.048614939663062164
0.14004826312100194     0.04751146972777434
0.127613908628109     0.04632053341047528
0.11567643011073386     0.045038179533636494
0.10425175578537293     0.04365966827483753
0.09335512963221726     0.04217973710574286
0.08300109105506093     0.040592905429398966
0.07320345548132678     0.038893805872925964
0.06397529592809614     0.03707752900410336
0.05532892555874058     0.035139967574791535
0.04727588125342669     0.03307814627981756
0.03982690821542023     0.030890523463158428
0.03299194563372598     0.02857725218799407
0.026780113421195295     0.02614038957587294
0.021199700045796965     0.0235840452550626
0.01625815147128734     0.020914462063499343
0.011962061222036413     0.01814002473708445
0.008317161585266963     0.015271195077595357
0.005328315962444874     0.01232037492715395
0.0029995123800270473     0.009301701066103323
0.001333858168224178     0.0062307787879350394
0.00033357581488030474     0.0031243632842126324
0.0     0.0
0.00031858717150418103     -0.0030545639275540016
0.0012739426948732424     -0.006098781684083871
0.0028648491140513266     -0.009122404320297699
0.005089279059533658     -0.01211537479435516
0.007944397831941952     -0.015067917682391024
0.011426567014420241     -0.017970621664374953
0.015531349109246362     -0.020814512810732176
0.020253513192751316     -0.0235911170440442
0.025587041581340175     -0.026292510558847466
0.03152513750011915     -0.028911357434429918
0.03806023374435663     -0.031440934152203004
0.04518400232274078     -0.03387514121129617
0.052887365070144354     -0.036208502503857716
0.061160505216372174     -0.038436153546100214
0.06999287989614972     -0.04055382004470668
0.0793732335844094     -0.04255778859519934
0.0892896124397542     -0.04444487154638145
0.0997293795378198     -0.04621236821336478
0.11067923097512244     -0.04785802467502888
0.12212521282287087     -0.049379994347989946
0.13405273890913727     -0.05077680139026827
0.1464466094067262     -0.05204730875979043
0.15929103020305446     -0.05319069244532749
0.17256963302735745     -0.05420642301350748
0.186265496309574     -0.05509425519104788
0.20036116674432652     -0.05585422574444091
0.21483868153251795     -0.056486659449598006
0.22967959127220117     -0.05699218248170957
0.2448649834695502     -0.05737174212097239
0.26037550663997155     -0.05762663128208453
0.27619139496864376     -0.05775851605196108
0.2922924934990568     -0.05776946417595146
0.3086582838174551     -0.05766197227978711
0.32526791020045076     -0.05743898956076135
0.3421002061924875     -0.057103935731426234
0.35913372157928514     -0.05666071115233618
0.37634674972289217     -0.05611369734273122
0.3937173552235117     -0.05546774640102527
0.4112234018728484     -0.0547281582881528
0.42884258086335747     -0.05390064541039552
0.4465524392174436     -0.05299128446557855
0.4643304084003838     -0.05200645606666168
0.48215383308050974     -0.05095277320758455
0.49999999999999994     -0.049837000165101356
0.5178461669194901     -0.04866596391502272
0.5356695915996161     -0.047446460560829094
0.5534475607825563     -0.04618515960824576
0.5711574191366425     -0.044888509155206854
0.5887765981271517     -0.043562645190426574
0.6062826447764884     -0.0422133081974014
0.6236532502771077     -0.04084577014048843
0.6408662784207149     -0.03946477466687619
0.6578997938075124     -0.03807449299868583
0.6747320897995491     -0.03667849752366215
0.6913417161825448     -0.03527975453575879
0.7077075065009432     -0.0338806369470379
0.7238086050313562     -0.03248295711148099
0.7396244933600284     -0.031088019193713082
0.7551350165304498     -0.029696689806948826
0.7703204087277988     -0.02830948496089225
0.7851613184674819     -0.02692667072765796
0.7996388332556734     -0.025548374476425204
0.8137345036904259     -0.024174703067546155
0.8274303669726425     -0.022805864053069308
0.8407089697969456     -0.021442285718042756
0.8535533905932737     -0.020084731725910965
0.8659472610908627     -0.01873440620718894
0.8778747871771291     -0.01739304535354072
0.8893207690248777     -0.016062991944178068
0.9002706204621802     -0.0147472497277433
0.9107103875602458     -0.013449515195246481
0.9206267664155905     -0.012174184988500841
0.9300071201038502     -0.010926337970459027
0.9388394947836277     -0.009711691812576445
0.9471126349298556     -0.00853653480152508
0.9548159976772592     -0.0074076344039880615
0.9619397662556434     -0.006332124924660176
0.9684748624998809     -0.005317377320902039
0.9744129584186598     -0.004370854871760976
0.9797464868072487     -0.0034999589164662614
0.9844686508907536     -0.0027118692590465954
0.9885734329855798     -0.0020133840671491265
0.992055602168058     -0.001410764165294065
0.9949107209404664     -0.0009095865320856711
0.9971351508859486     -0.0005146115593995249
0.9987260573051268     -0.00022966822695902334
0.9996814128284959     -5.7560801109413084e-05
