1.0     9.992007221626409e-16
0.9996664241851196     5.869251630186145e-05
0.9986661418317758     0.0002340120093090592
0.997000487619973     0.0005237100362144309
0.9946716840375551     0.0009241239286411629
0.991682838414733     0.0014303003909375
0.9880379387779635     0.0020361616690293127
0.9837418485287126     0.0027347077502314354
0.9788002999542029     0.0035182466413803404
0.9732198865788046     0.004378643675999605
0.967008054366274     0.005307580064438655
0.9601730917845797     0.006296810553212406
0.9527241187465734     0.00733841011481573
0.9446710744412594     0.008425000044611775
0.9360247040719039     0.009549944678711952
0.9267965445186732     0.010707511132436287
0.9169989089449389     0.011892985945578305
0.9066448703677827     0.01310274424881952
0.895748244214627     0.01433426896633111
0.884323569889266     0.015586119566972867
0.8723860913718908     0.01685785189098854
0.8599517368789978     0.018149892530492262
0.8470370976103168     0.019463373052671318
0.8336594056111197     0.02079993095267413
0.8198365107794456     0.022161485545151738
0.8055868570489246     0.023549997997179217
0.7909294577789763     0.024967225331683995
0.775883870385223     0.026414478465132285
0.7604701702439651     0.02789239417741618
0.7447089239055427     0.029400730352847876
0.7286211616523193     0.030938192901972944
0.7122283494379075     0.03250230151218654
0.6955523602450779     0.03408929983189872
0.6786154449005664     0.035694113930319044
0.6614402023857231     0.03731036096357816
0.6440495496826186     0.03893040799448558
0.6264666911958403     0.04054547893703802
0.6087150877907784     0.04214580570672022
0.5908184254897182     0.043720817928965865
0.5728005838675023     0.045259364059500165
0.5546856041889371     0.04674995556098687
0.5364976573304536     0.04818102490800481
0.5182610115288293     0.04954118769084548
0.49999999999999994     0.050819498976961044
0.48173898847117047     0.05200569437041281
0.46350234266954615     0.053090406871884405
0.44531439581106275     0.05406535165698399
0.4271994161324975     0.0549234722167802
0.40918157451028175     0.055659042887491676
0.3912849122092214     0.05626772457147599
0.3735333088041596     0.05674657234700934
0.35595045031738115     0.057093995603033104
0.33855979761427685     0.057309673238671546
0.32138455509943353     0.057394428259104194
0.3044476397549219     0.05735006770717397
0.2877716505620923     0.05717919522937111
0.27137883834768073     0.056885004631166775
0.2552910760944571     0.05647106348803319
0.23952982975603487     0.055941096216863516
0.224116129614777     0.05529877596501586
0.20907054222102345     0.05454753424361132
0.1944131429510753     0.05369039643628127
0.18016348922055425     0.05272985018730581
0.16634059438888027     0.05166775226042527
0.15296290238968302     0.050505277819469306
0.14004826312100194     0.04924291428141046
0.127613908628109     0.04788050000502402
0.11567643011073386     0.04641730618098876
0.10425175578537293     0.044852158459298304
0.09335512963221726     0.04318359316178141
0.08300109105506093     0.04141004145006218
0.07320345548132678     0.03953003361256026
0.06397529592809614     0.03754241474725784
0.05532892555874058     0.035446562586084356
0.04727588125342669     0.0332425980535771
0.03982690821542023     0.030931579383351667
0.03299194563372598     0.028515671221659915
0.026780113421195295     0.025998281103556113
0.021199700045796965     0.023384156955350822
0.01625815147128734     0.020679440805901075
0.011962061222036413     0.017891675617097934
0.008317161585266963     0.015029764000847828
0.005328315962444874     0.01210387950084723
0.0029995123800270473     0.009125333005282163
0.001333858168224178     0.006106398644925686
0.00033357581488030474     0.00306010514767467
0.0     0.0
0.00031858717150418103     -0.0029911587012844314
0.0012739426948732424     -0.0059723943368818425
0.0028648491140513266     -0.008933875002741546
0.005089279059533658     -0.011865948793893742
0.007944397831941952     -0.014759228080786519
0.011426567014420241     -0.017604667158630325
0.015531349109246362     -0.020393631451769506
0.020253513192751316     -0.02311795676990216
0.025587041581340175     -0.025769997481985992
0.03152513750011915     -0.02834266288205087
0.03806023374435663     -0.03082944145244932
0.04518400232274078     -0.03322441316695821
0.052887365070144354     -0.03552225040102716
0.061160505216372174     -0.03771820841227584
0.06999287989614972     -0.03980810670518561
0.0793732335844094     -0.04178830288575698
0.0892896124397542     -0.04365566083307334
0.0997293795378198     -0.04540751515646606
0.11067923097512244     -0.04704163396381563
0.12212521282287087     -0.048556181936429854
0.13405273890913727     -0.04994968559047379
0.1464466094067262     -0.051221002409178144
0.15929103020305446     -0.05236929526244502
0.17256963302735745     -0.05339401320243532
0.186265496309574     -0.054294879349242146
0.20036116674432652     -0.05507188617581393
0.21483868153251795     -0.055725298083224156
0.22967959127220117     -0.05625566074418733
0.2448649834695502     -0.05666381630231017
0.26037550663997155     -0.056950923164057574
0.27619139496864376     -0.057118478825400255
0.2922924934990568     -0.057168343949036624
0.3086582838174551     -0.057102765761647745
0.32526791020045076     -0.05692439878136661
0.3421002061924875     -0.056636320917500475
0.35913372157928514     -0.056242043107784044
0.37634674972289217     -0.05574551086952467
0.3937173552235117     -0.05515109643269793
0.4112234018728484     -0.05446358048469774
0.42884258086335747     -0.05368812297431057
0.4465524392174436     -0.05283022288030132
0.4643304084003838     -0.05189566732957127
0.48215383308050974     -0.050890470931758525
0.49999999999999994     -0.049820806661506234
0.5178461669194901     -0.0486929300468635
0.5356695915996161     -0.04751309879393331
0.5534475607825563     -0.04628749027732893
0.5711574191366425     -0.045022119539159196
0.5887765981271517     -0.043722760555181775
0.6062826447764884     -0.042394873538092785
0.6236532502771077     -0.0410435409512732
0.6408662784207149     -0.03967341470244157
0.6578997938075124     -0.03828867668051596
0.6747320897995491     -0.03689301439957551
0.6913417161825448     -0.035489613033924776
0.7077075065009432     -0.03408116458405044
0.7238086050313562     -0.03266989432364442
0.7396244933600284     -0.031257604063904064
0.7551350165304498     -0.029845731155379432
0.7703204087277988     -0.02843542155263115
0.7851613184674819     -0.027027614715439782
0.7996388332556734     -0.02562313763363236
0.8137345036904259     -0.02422280486011276
0.8274303669726425     -0.02282752113496725
0.8407089697969456     -0.021438382995724897
0.8535533905932737     -0.020056775704166974
0.8659472610908627     -0.018684461883326314
0.8778747871771291     -0.01732365844974726
0.8893207690248777     -0.015977098741248252
0.9002706204621802     -0.014648077170381107
0.9107103875602458     -0.013340474265250757
0.9206267664155905     -0.012058760575232641
0.9300071201038502     -0.010807978599061019
0.9388394947836277     -0.009593702613812649
0.9471126349298556     -0.008421977020826671
0.9548159976772592     -0.007299234553029416
0.9619397662556434     -0.0062321963819780835
0.9684748624998809     -0.005227756797667182
0.9744129584186598     -0.004292855687079211
0.9797464868072487     -0.003434342488619485
0.9844686508907536     -0.0026588356323849205
0.9885734329855798     -0.001972581678158669
0.992055602168058     -0.0013813184260885736
0.9949107209404664     -0.0008901461959959778
0.9971351508859486     -0.0005034112519780587
0.9987260573051268     -0.00022460499607429574
0.9996814128284959     -5.628207970070909e-05
